14 0.269531 0.367361 0.064062 0.131944
16 0.469922 0.393750 0.050781 0.165278
24 0.707812 0.477083 0.059375 0.087500
0 0.320703 0.493750 0.085156 0.059722
18 0.394922 0.495139 0.060156 0.056944
2 0.473047 0.500694 0.092969 0.048611
20 0.394531 0.575000 0.062500 0.105556
22 0.707812 0.570139 0.060937 0.093056
4 0.331641 0.558333 0.067969 0.066667
8 0.556641 0.550000 0.094531 0.050000
6 0.458984 0.575694 0.067969 0.093056
10 0.556250 0.602778 0.095312 0.050000
12 0.555078 0.654861 0.094531 0.054167
