16 0.468359 0.428472 0.055469 0.156944
14 0.268750 0.414583 0.065625 0.126389
24 0.707812 0.493056 0.060937 0.088889
18 0.397656 0.534028 0.060937 0.056944
0 0.321484 0.537500 0.086719 0.050000
2 0.474609 0.537500 0.091406 0.047222
22 0.707812 0.585417 0.064062 0.090278
8 0.561719 0.570139 0.098437 0.054167
6 0.460938 0.608333 0.068750 0.094444
4 0.336719 0.592361 0.065625 0.059722
20 0.394141 0.613194 0.057031 0.090278
10 0.558594 0.627778 0.095312 0.055556
12 0.560156 0.682639 0.095312 0.048611
