16 0.468359 0.420833 0.050781 0.155556
14 0.267188 0.406250 0.064062 0.120833
24 0.706641 0.493750 0.058594 0.090278
18 0.394531 0.525694 0.057813 0.065278
2 0.471484 0.525000 0.092969 0.047222
0 0.321094 0.528472 0.084375 0.051389
22 0.706641 0.581944 0.058594 0.086111
8 0.553516 0.569444 0.092969 0.052778
4 0.333984 0.586806 0.067969 0.070833
6 0.459766 0.598611 0.063281 0.094444
20 0.394922 0.606250 0.058594 0.090278
10 0.555078 0.621528 0.092969 0.056944
12 0.555469 0.676389 0.095312 0.050000
