15 0.267969 0.378472 0.062500 0.126389
17 0.467578 0.401389 0.053906 0.163889
25 0.703516 0.484028 0.060156 0.087500
19 0.395313 0.503472 0.060937 0.059722
1 0.320312 0.502083 0.085938 0.054167
3 0.471875 0.508333 0.092188 0.047222
5 0.330859 0.560417 0.067969 0.068056
9 0.552734 0.552778 0.092969 0.050000
23 0.705859 0.575694 0.060156 0.095833
7 0.460547 0.581250 0.069531 0.098611
21 0.392969 0.583333 0.059375 0.094444
11 0.555078 0.606250 0.091406 0.056944
13 0.552344 0.659028 0.096875 0.062500
