15 0.276953 0.300000 0.064844 0.141667
17 0.476562 0.343750 0.054688 0.154167
25 0.714063 0.439583 0.059375 0.093056
1 0.328516 0.431250 0.082031 0.059722
19 0.405859 0.433333 0.069531 0.061111
3 0.479687 0.448611 0.092188 0.055556
5 0.335547 0.488889 0.069531 0.063889
21 0.395703 0.511806 0.067969 0.095833
7 0.465625 0.518750 0.070312 0.087500
9 0.563281 0.500000 0.096875 0.050000
23 0.710547 0.533333 0.057031 0.100000
11 0.558594 0.553472 0.096875 0.062500
13 0.557422 0.613194 0.099219 0.059722
