16 0.467578 0.415278 0.057031 0.161111
14 0.267578 0.400694 0.067969 0.123611
24 0.705859 0.488194 0.057031 0.087500
18 0.396875 0.520139 0.062500 0.062500
0 0.319922 0.523611 0.089844 0.055556
2 0.473828 0.524306 0.091406 0.043056
22 0.707031 0.577778 0.060937 0.088889
8 0.556250 0.562500 0.096875 0.047222
6 0.458984 0.596528 0.066406 0.093056
4 0.332422 0.584028 0.067969 0.059722
20 0.393750 0.604167 0.056250 0.094444
10 0.557031 0.618750 0.095312 0.051389
12 0.558203 0.674306 0.094531 0.056944
