14 0.271875 0.357639 0.065625 0.126389
16 0.471094 0.385417 0.053125 0.165278
24 0.705859 0.472917 0.061719 0.090278
0 0.321875 0.482639 0.082812 0.059722
18 0.396094 0.484028 0.059375 0.062500
2 0.475391 0.490972 0.094531 0.048611
4 0.332031 0.541667 0.070312 0.063889
8 0.555469 0.538194 0.098437 0.051389
20 0.394141 0.564583 0.061719 0.093056
6 0.459766 0.563194 0.064844 0.090278
22 0.707031 0.564583 0.060937 0.093056
10 0.553906 0.591667 0.096875 0.050000
12 0.552734 0.646528 0.094531 0.056944
