14 0.270313 0.377083 0.065625 0.126389
16 0.469141 0.399306 0.052344 0.162500
24 0.706250 0.480556 0.060937 0.088889
18 0.396875 0.500000 0.059375 0.066667
0 0.321875 0.498611 0.084375 0.052778
2 0.474609 0.508333 0.091406 0.044444
8 0.556641 0.550000 0.094531 0.047222
22 0.705078 0.571528 0.057031 0.090278
4 0.331641 0.559028 0.067969 0.059722
6 0.458594 0.577083 0.067187 0.093056
20 0.392578 0.579861 0.057031 0.087500
10 0.556250 0.604861 0.096875 0.045833
12 0.554297 0.656944 0.092969 0.047222
