16 0.468750 0.425000 0.054688 0.161111
14 0.265234 0.410417 0.061719 0.115278
24 0.707812 0.493056 0.057813 0.086111
0 0.323437 0.531944 0.085938 0.058333
18 0.396094 0.531944 0.059375 0.055556
2 0.477344 0.531250 0.090625 0.048611
22 0.707812 0.591667 0.056250 0.091667
8 0.560937 0.576389 0.100000 0.050000
4 0.335547 0.593750 0.067969 0.062500
6 0.462500 0.607639 0.062500 0.081944
20 0.394922 0.610417 0.055469 0.081944
10 0.561719 0.627778 0.096875 0.044444
12 0.561328 0.677778 0.092969 0.047222
