17 0.466406 0.424306 0.062500 0.165278
15 0.266406 0.414583 0.065625 0.129167
25 0.705469 0.496528 0.056250 0.101389
19 0.394141 0.528472 0.060156 0.070833
1 0.320703 0.536806 0.086719 0.054167
3 0.473438 0.532639 0.095312 0.045833
23 0.706641 0.586806 0.057031 0.087500
9 0.555078 0.577083 0.094531 0.062500
7 0.460547 0.604861 0.066406 0.098611
5 0.330859 0.595833 0.067969 0.069444
21 0.394531 0.613194 0.060937 0.098611
11 0.556250 0.631250 0.093750 0.051389
13 0.557422 0.684028 0.096094 0.059722
