17 0.466797 0.428472 0.053906 0.162500
15 0.266797 0.414583 0.067969 0.129167
25 0.703906 0.493056 0.064062 0.088889
19 0.394141 0.532639 0.057031 0.068056
3 0.473438 0.531944 0.092188 0.044444
1 0.321094 0.538194 0.087500 0.051389
23 0.705469 0.586806 0.059375 0.090278
9 0.555078 0.574306 0.092969 0.059722
5 0.331250 0.594444 0.068750 0.066667
7 0.459375 0.606944 0.065625 0.088889
21 0.393750 0.614583 0.059375 0.090278
11 0.555859 0.631944 0.092969 0.044444
13 0.557422 0.681944 0.094531 0.044444
