15 0.278125 0.299306 0.064062 0.129167
17 0.476172 0.340278 0.053906 0.172222
1 0.326562 0.427083 0.085938 0.068056
19 0.403516 0.434028 0.061719 0.062500
25 0.713672 0.445833 0.060156 0.086111
3 0.480078 0.447917 0.091406 0.056944
5 0.336328 0.493056 0.071094 0.061111
21 0.396875 0.515278 0.065625 0.097222
9 0.561328 0.501389 0.094531 0.061111
7 0.462500 0.517361 0.064062 0.084722
23 0.711719 0.534722 0.059375 0.094444
11 0.560156 0.559028 0.100000 0.054167
13 0.556641 0.609028 0.092969 0.059722
