14 0.270313 0.375000 0.062500 0.127778
16 0.467578 0.397917 0.053906 0.165278
24 0.706250 0.480556 0.060937 0.083333
18 0.398047 0.498611 0.058594 0.061111
0 0.320312 0.499306 0.087500 0.054167
2 0.474219 0.508333 0.090625 0.047222
8 0.556250 0.550000 0.095312 0.050000
22 0.706250 0.571528 0.062500 0.093056
4 0.332031 0.557639 0.067187 0.059722
20 0.391797 0.579861 0.055469 0.093056
6 0.458594 0.580556 0.062500 0.088889
10 0.557031 0.602778 0.093750 0.044444
12 0.555859 0.657639 0.092969 0.054167
