16 0.465234 0.422917 0.052344 0.162500
14 0.266406 0.411111 0.064062 0.127778
24 0.701562 0.491667 0.064062 0.086111
18 0.394141 0.529167 0.060156 0.061111
2 0.469922 0.530556 0.092969 0.061111
0 0.318750 0.532639 0.084375 0.054167
22 0.702344 0.586111 0.060937 0.102778
8 0.554297 0.570833 0.089844 0.050000
4 0.331641 0.588889 0.064844 0.061111
20 0.392969 0.606250 0.059375 0.095833
6 0.458984 0.605556 0.066406 0.088889
10 0.555078 0.623611 0.089844 0.047222
12 0.555859 0.679167 0.092969 0.061111
