16 0.464453 0.422222 0.053906 0.161111
14 0.265625 0.404861 0.064062 0.123611
24 0.702344 0.493056 0.060937 0.088889
18 0.393750 0.525694 0.059375 0.065278
0 0.318359 0.525694 0.083594 0.051389
2 0.471094 0.529861 0.092188 0.048611
22 0.705078 0.584722 0.060156 0.091667
8 0.553125 0.568750 0.093750 0.054167
4 0.328125 0.588194 0.065625 0.070833
6 0.457813 0.599306 0.065625 0.090278
20 0.391406 0.607639 0.060937 0.093056
10 0.553906 0.623611 0.095312 0.047222
12 0.553516 0.678472 0.092969 0.059722
