15 0.271875 0.350694 0.062500 0.126389
3 0.468750 0.379861 0.053125 0.168056
25 0.707812 0.468750 0.060937 0.093056
19 0.395313 0.478472 0.062500 0.065278
1 0.321094 0.476389 0.082812 0.055556
3 0.473438 0.487500 0.090625 0.044444
9 0.556641 0.531944 0.096094 0.052778
5 0.330078 0.539583 0.069531 0.056944
7 0.459375 0.561806 0.065625 0.095833
21 0.392188 0.560417 0.059375 0.090278
23 0.706250 0.562500 0.059375 0.094444
11 0.554688 0.587500 0.093750 0.047222
13 0.554688 0.640278 0.096875 0.052778
