16 0.465625 0.423611 0.053125 0.163889
14 0.266406 0.411111 0.065625 0.125000
24 0.702734 0.495139 0.058594 0.093056
18 0.392188 0.529861 0.060937 0.065278
0 0.320703 0.529167 0.086719 0.055556
2 0.472266 0.531944 0.089844 0.047222
22 0.702344 0.587500 0.057813 0.088889
8 0.555859 0.570833 0.089844 0.050000
4 0.330469 0.586806 0.071875 0.065278
20 0.393359 0.604861 0.061719 0.098611
6 0.459375 0.607639 0.064062 0.084722
10 0.556641 0.622917 0.088281 0.048611
12 0.556641 0.679861 0.091406 0.054167
