16 0.469531 0.427083 0.056250 0.159722
14 0.267578 0.415972 0.067969 0.129167
24 0.708984 0.493750 0.058594 0.090278
18 0.396875 0.536806 0.060937 0.062500
0 0.323047 0.534028 0.086719 0.054167
2 0.475391 0.534028 0.091406 0.048611
22 0.710938 0.588194 0.062500 0.087500
8 0.559766 0.575000 0.097656 0.052778
6 0.460547 0.606250 0.069531 0.090278
4 0.336719 0.595833 0.065625 0.063889
20 0.395703 0.614583 0.057031 0.090278
10 0.561328 0.628472 0.097656 0.043056
12 0.559375 0.681944 0.093750 0.052778
