14 0.271094 0.357639 0.064062 0.134722
16 0.469922 0.384722 0.053906 0.161111
24 0.707812 0.470139 0.057813 0.087500
0 0.321875 0.482639 0.082812 0.056944
18 0.394922 0.485417 0.053906 0.059722
2 0.474219 0.488889 0.093750 0.050000
4 0.331641 0.544444 0.067969 0.063889
8 0.555469 0.538194 0.095312 0.048611
22 0.707422 0.565972 0.063281 0.101389
6 0.457813 0.565972 0.064062 0.095833
20 0.392969 0.563194 0.062500 0.087500
10 0.554688 0.593056 0.100000 0.052778
12 0.556250 0.645833 0.103125 0.052778
