14 0.269922 0.377778 0.064844 0.130556
16 0.468750 0.401389 0.051562 0.161111
24 0.707812 0.481944 0.059375 0.088889
0 0.321484 0.501389 0.086719 0.058333
18 0.396484 0.503472 0.061719 0.059722
2 0.474219 0.507639 0.092188 0.045833
8 0.556250 0.550694 0.093750 0.051389
22 0.707031 0.575694 0.059375 0.095833
4 0.330078 0.564583 0.072656 0.065278
20 0.395703 0.579861 0.060156 0.090278
6 0.460156 0.581944 0.068750 0.086111
10 0.556250 0.606944 0.093750 0.047222
12 0.556250 0.659028 0.090625 0.051389
