16 0.470703 0.426389 0.055469 0.158333
14 0.266797 0.413889 0.072656 0.125000
24 0.708594 0.493056 0.059375 0.088889
18 0.396875 0.529861 0.062500 0.059722
2 0.477344 0.533333 0.090625 0.047222
0 0.319922 0.534722 0.083594 0.047222
8 0.561328 0.573611 0.092969 0.047222
22 0.707422 0.591667 0.057031 0.083333
20 0.396875 0.609722 0.056250 0.097222
4 0.334766 0.595139 0.067969 0.065278
6 0.462891 0.608333 0.061719 0.086111
10 0.562109 0.627778 0.091406 0.044444
12 0.561719 0.679167 0.090625 0.050000
