14 0.270313 0.361111 0.065625 0.127778
16 0.467578 0.390972 0.053906 0.168056
24 0.706250 0.475694 0.060937 0.090278
18 0.395703 0.490278 0.060156 0.058333
0 0.321094 0.488889 0.081250 0.052778
2 0.473438 0.500694 0.092188 0.045833
8 0.555078 0.543750 0.094531 0.054167
4 0.331250 0.552083 0.068750 0.068056
20 0.394141 0.568056 0.058594 0.094444
22 0.705078 0.565972 0.057031 0.090278
6 0.458984 0.573611 0.063281 0.097222
10 0.554688 0.598611 0.093750 0.055556
12 0.555078 0.657639 0.094531 0.065278
