15 0.275391 0.343750 0.066406 0.129167
17 0.472656 0.378472 0.054688 0.159722
25 0.710156 0.463889 0.059375 0.083333
19 0.401562 0.473611 0.062500 0.069444
1 0.325391 0.477083 0.088281 0.062500
3 0.476172 0.481944 0.092969 0.050000
5 0.332422 0.535417 0.067969 0.065278
7 0.461328 0.555556 0.061719 0.100000
9 0.555469 0.530556 0.095312 0.050000
23 0.708984 0.559722 0.057031 0.097222
21 0.397266 0.559028 0.060156 0.093056
11 0.557813 0.583333 0.095312 0.052778
13 0.554688 0.640972 0.095312 0.056944
