14 0.272656 0.367361 0.062500 0.126389
16 0.469531 0.391667 0.056250 0.161111
24 0.707031 0.472917 0.059375 0.098611
0 0.320703 0.488889 0.082031 0.050000
18 0.395313 0.493750 0.060937 0.059722
2 0.476953 0.497222 0.092969 0.047222
4 0.331641 0.546528 0.066406 0.062500
8 0.559766 0.543056 0.096094 0.044444
22 0.704297 0.570833 0.057031 0.086111
20 0.390234 0.572222 0.058594 0.086111
6 0.458203 0.575000 0.067969 0.088889
10 0.561719 0.599306 0.098437 0.045833
12 0.558594 0.652083 0.093750 0.048611
