17 0.466016 0.425694 0.053906 0.162500
15 0.266406 0.411806 0.067187 0.129167
25 0.704688 0.493750 0.060937 0.087500
19 0.392969 0.530556 0.060937 0.063889
1 0.319531 0.530556 0.084375 0.052778
3 0.471875 0.530556 0.095312 0.047222
23 0.705078 0.585417 0.057031 0.093056
9 0.553516 0.573611 0.094531 0.055556
7 0.457813 0.605556 0.068750 0.100000
5 0.331641 0.592361 0.069531 0.070833
21 0.392188 0.610417 0.059375 0.098611
11 0.554688 0.626389 0.096875 0.047222
13 0.555859 0.681250 0.091406 0.045833
