14 0.269531 0.369444 0.065625 0.136111
16 0.469531 0.395139 0.053125 0.162500
24 0.707812 0.478472 0.059375 0.084722
0 0.321094 0.496528 0.084375 0.051389
18 0.394922 0.497222 0.057031 0.050000
2 0.473438 0.503472 0.090625 0.043056
8 0.555078 0.545833 0.092969 0.052778
22 0.706641 0.568750 0.057031 0.090278
4 0.330859 0.556250 0.067969 0.059722
20 0.392969 0.576389 0.060937 0.100000
6 0.459766 0.577778 0.067969 0.094444
10 0.556250 0.600694 0.095312 0.048611
12 0.555469 0.656250 0.098437 0.054167
