15 0.273828 0.350694 0.069531 0.126389
17 0.472656 0.380556 0.053125 0.166667
25 0.710156 0.468750 0.059375 0.090278
19 0.400000 0.475000 0.059375 0.072222
1 0.323047 0.473611 0.086719 0.055556
3 0.475391 0.484722 0.089844 0.052778
9 0.558203 0.531250 0.092969 0.054167
5 0.332813 0.538889 0.068750 0.061111
23 0.710156 0.559028 0.057813 0.098611
21 0.394141 0.557639 0.057031 0.093056
7 0.460938 0.556944 0.070312 0.083333
11 0.557422 0.586806 0.096094 0.056944
13 0.554688 0.643750 0.095312 0.059722
