14 0.269922 0.370139 0.064844 0.131944
16 0.468359 0.393750 0.055469 0.165278
24 0.707812 0.475000 0.060937 0.088889
0 0.321094 0.493056 0.085938 0.052778
18 0.396484 0.500000 0.055469 0.058333
2 0.475391 0.505556 0.096094 0.052778
8 0.558984 0.545833 0.096094 0.047222
4 0.334375 0.557639 0.064062 0.065278
22 0.707812 0.571528 0.060937 0.093056
20 0.392188 0.578472 0.059375 0.093056
6 0.457813 0.578472 0.064062 0.093056
10 0.557422 0.600694 0.099219 0.045833
12 0.557422 0.654167 0.094531 0.047222
