16 0.464844 0.421528 0.054688 0.165278
14 0.267188 0.404861 0.065625 0.129167
24 0.702734 0.498611 0.057031 0.091667
18 0.393750 0.527083 0.059375 0.059722
0 0.318750 0.527778 0.084375 0.050000
2 0.472266 0.531250 0.089844 0.037500
8 0.553516 0.570139 0.094531 0.054167
22 0.703906 0.588194 0.056250 0.090278
6 0.456250 0.602083 0.065625 0.093056
20 0.392578 0.603472 0.060156 0.093056
4 0.328906 0.589583 0.065625 0.062500
10 0.553516 0.625000 0.094531 0.047222
12 0.554688 0.677778 0.092188 0.050000
