14 0.269531 0.364583 0.065625 0.126389
16 0.469141 0.390972 0.053906 0.165278
24 0.708984 0.475694 0.060156 0.098611
0 0.320703 0.488194 0.088281 0.056944
18 0.395313 0.489583 0.062500 0.059722
2 0.475781 0.495833 0.095312 0.050000
8 0.556250 0.544444 0.092188 0.058333
4 0.331250 0.550000 0.070312 0.066667
20 0.394531 0.567361 0.060937 0.090278
6 0.458594 0.570139 0.062500 0.095833
22 0.707031 0.568750 0.057813 0.090278
10 0.554297 0.597222 0.092969 0.050000
12 0.554297 0.651389 0.089844 0.055556
