14 0.266797 0.398611 0.064844 0.130556
16 0.464453 0.416667 0.053906 0.163889
24 0.703906 0.488889 0.060937 0.086111
18 0.392578 0.521528 0.058594 0.062500
0 0.319141 0.523611 0.083594 0.052778
2 0.471484 0.526389 0.091406 0.041667
22 0.703125 0.582639 0.057813 0.090278
8 0.552344 0.566667 0.092188 0.041667
4 0.328516 0.582639 0.066406 0.065278
6 0.456641 0.597917 0.063281 0.087500
20 0.389844 0.603472 0.059375 0.093056
10 0.551172 0.620139 0.092969 0.045833
12 0.553125 0.672222 0.093750 0.052778
