15 0.269141 0.365972 0.067969 0.129167
17 0.468359 0.390278 0.055469 0.169444
25 0.706250 0.478472 0.060937 0.095833
19 0.395313 0.490972 0.062500 0.059722
1 0.320703 0.493056 0.086719 0.055556
3 0.472266 0.496528 0.091406 0.048611
9 0.554688 0.543056 0.093750 0.052778
5 0.331250 0.550694 0.068750 0.065278
21 0.394531 0.568750 0.064062 0.095833
7 0.458984 0.568056 0.063281 0.094444
23 0.705859 0.570139 0.057031 0.090278
11 0.553516 0.600000 0.094531 0.047222
13 0.553516 0.651389 0.092969 0.055556
