15 0.267578 0.378472 0.066406 0.129167
17 0.469922 0.399306 0.052344 0.165278
25 0.706250 0.480556 0.060937 0.094444
19 0.395703 0.501389 0.060156 0.069444
1 0.321875 0.500694 0.084375 0.056944
3 0.473438 0.506944 0.092188 0.052778
9 0.556641 0.553472 0.094531 0.056944
23 0.707422 0.570833 0.058594 0.091667
5 0.330859 0.561111 0.069531 0.066667
7 0.459375 0.579861 0.067187 0.093056
21 0.394922 0.582639 0.061719 0.093056
11 0.555859 0.604861 0.094531 0.045833
13 0.556250 0.656944 0.095312 0.052778
