15 0.269531 0.363194 0.064062 0.134722
17 0.468359 0.390278 0.053906 0.166667
25 0.707422 0.472917 0.058594 0.090278
1 0.322266 0.488194 0.086719 0.062500
19 0.396875 0.491667 0.060937 0.061111
3 0.473828 0.495833 0.089844 0.047222
9 0.555469 0.545139 0.096875 0.051389
5 0.330859 0.552778 0.067969 0.063889
23 0.707422 0.568750 0.057031 0.095833
21 0.393750 0.572222 0.059375 0.097222
7 0.459375 0.572917 0.064062 0.093056
11 0.556641 0.600000 0.097656 0.052778
13 0.553516 0.650000 0.092969 0.061111
