14 0.265234 0.407639 0.063281 0.129167
16 0.465234 0.422917 0.053906 0.159722
24 0.705469 0.492361 0.060937 0.095833
18 0.390234 0.527778 0.055469 0.063889
0 0.317578 0.527778 0.088281 0.052778
2 0.469531 0.527778 0.093750 0.044444
22 0.705078 0.583333 0.060156 0.086111
8 0.553125 0.568056 0.096875 0.052778
6 0.455859 0.599306 0.064844 0.095833
4 0.328516 0.589583 0.067969 0.070833
20 0.391406 0.609722 0.057813 0.097222
10 0.556250 0.622222 0.096875 0.055556
12 0.556641 0.679861 0.096094 0.056944
