15 0.269141 0.380556 0.063281 0.127778
17 0.466797 0.400694 0.053906 0.165278
25 0.703906 0.481944 0.059375 0.086111
19 0.394141 0.506250 0.060156 0.068056
1 0.319531 0.500694 0.082812 0.054167
3 0.472266 0.509028 0.091406 0.048611
9 0.551953 0.553472 0.092969 0.056944
23 0.704688 0.573611 0.059375 0.091667
5 0.329297 0.565278 0.067969 0.066667
7 0.457422 0.579861 0.067969 0.093056
21 0.392188 0.585417 0.059375 0.093056
11 0.553125 0.607639 0.093750 0.051389
13 0.553125 0.659722 0.093750 0.052778
