15 0.273828 0.350694 0.066406 0.126389
17 0.472656 0.379167 0.051562 0.163889
25 0.711328 0.468750 0.063281 0.090278
1 0.324609 0.475000 0.085156 0.058333
19 0.399219 0.479861 0.057813 0.062500
3 0.475391 0.485417 0.091406 0.056944
9 0.557813 0.530556 0.096875 0.050000
5 0.333984 0.539583 0.071094 0.062500
23 0.710547 0.559028 0.061719 0.095833
21 0.395313 0.557639 0.062500 0.090278
7 0.460156 0.558333 0.062500 0.086111
11 0.555469 0.586111 0.095312 0.052778
13 0.555859 0.641667 0.097656 0.058333
