17 0.466016 0.425694 0.055469 0.162500
15 0.267188 0.412500 0.064062 0.130556
25 0.704688 0.495833 0.057813 0.091667
19 0.394531 0.529167 0.060937 0.072222
1 0.319531 0.531250 0.081250 0.056944
3 0.473438 0.534028 0.095312 0.048611
9 0.553516 0.570139 0.091406 0.062500
23 0.705469 0.587500 0.059375 0.088889
7 0.457422 0.602083 0.066406 0.095833
21 0.393750 0.607639 0.059375 0.101389
5 0.330469 0.591667 0.067187 0.066667
11 0.554297 0.631250 0.089844 0.054167
13 0.556250 0.679861 0.096875 0.051389
