15 0.266797 0.405556 0.063281 0.133333
17 0.466406 0.422222 0.051562 0.161111
25 0.704688 0.493056 0.060937 0.091667
19 0.394141 0.522917 0.061719 0.065278
1 0.319922 0.527778 0.082031 0.052778
3 0.470703 0.526389 0.089844 0.047222
23 0.705469 0.584722 0.060937 0.091667
9 0.552344 0.566667 0.093750 0.052778
5 0.330078 0.587500 0.067969 0.069444
7 0.457422 0.598611 0.063281 0.091667
21 0.393750 0.603472 0.059375 0.093056
11 0.553125 0.620833 0.095312 0.052778
13 0.552734 0.676389 0.097656 0.050000
