16 0.464062 0.420833 0.056250 0.169444
14 0.264062 0.405556 0.065625 0.136111
24 0.703125 0.491667 0.059375 0.091667
18 0.391016 0.522917 0.057031 0.065278
0 0.316797 0.527083 0.089844 0.059722
2 0.469531 0.527778 0.093750 0.055556
22 0.703906 0.581250 0.059375 0.090278
8 0.552734 0.568056 0.096094 0.055556
6 0.455078 0.600694 0.069531 0.093056
4 0.327734 0.589583 0.071094 0.068056
20 0.389453 0.606944 0.058594 0.094444
10 0.552344 0.621528 0.096875 0.043056
12 0.554297 0.678472 0.092969 0.059722
