17 0.465625 0.419444 0.053125 0.166667
15 0.267188 0.405556 0.064062 0.133333
25 0.703516 0.490278 0.060156 0.097222
19 0.393359 0.522917 0.057031 0.065278
1 0.319141 0.525694 0.086719 0.054167
3 0.473438 0.528472 0.095312 0.051389
23 0.704297 0.582639 0.058594 0.087500
9 0.552344 0.570833 0.095312 0.047222
5 0.328516 0.586111 0.069531 0.066667
7 0.458203 0.602083 0.069531 0.093056
21 0.392969 0.604861 0.057813 0.095833
11 0.555078 0.622222 0.094531 0.050000
13 0.553906 0.677083 0.095312 0.051389
